0,1
.02,1.0199405462074753
.04,1.039697003826495
.06,1.0882155870443113
.08,1.1049866782992694
.1,1.1300314477320763
.12,1.1958804740482964
.14,1.2293787829062046
.16,1.2870451436382284
.18,1.3263845954425209
.2,1.3553761825237975
.22,1.3504463886421343
.24,1.3542032045545886
.26,1.3427740361062468
.28,1.390380254468311
.3,1.388209120975623
.32,1.4535031339733364
.34,1.4974863068870519
.36,1.487624560129588
.38,1.553292479993474
.4,1.5505851981583227
.42,1.5449655436659053
.44,1.5536552129295276
.46,1.5679592462697243
.48,1.5801714228653305
.5,1.5992644543444419
.52,1.6615282048291493
.54,1.773955285076167
.56,1.7637745234844653
.58,1.7994894900304639
.6,1.816371854804564
.62,1.874173142994816
.64,1.8256348822399042
.66,1.8679163289000702
.68,1.8607377167933465
.7,1.9112150401176409
.72,1.9616727385409052
.74,2.0756213928950458
.76,2.122445457259632
.78,2.25400782572759
.8,2.399519028399014
.82,2.3993869069008027
.84,2.457208387951191
.86,2.471374895737041
.88,2.4339252651234564
.9,2.6026285515352794
.92,2.642946054004713
.94,2.641147482622982
.96,2.7359185942025626
.98,2.7333561156661124
1,2.7960898342672422
1.02,2.897415680511764
1.04,2.8771715045023214
1.06,2.8681205714950426
1.08,2.907158573826717
1.1,3.0866257419709786
1.12,3.0795812224459254
1.14,3.1166934068200747
1.16,3.1824317623697094
1.18,3.276027389443161
1.2,3.297609043730396
1.22,3.3521302730500495
1.24,3.4000397290603868
1.26,3.5257378457328907
1.28,3.7080073838616423
1.3,3.7737934758769045
1.32,3.8605921846589646
1.34,3.872034002088141
1.36,3.9613971420426957
1.38,4.193845832655834
1.4,4.300005482767009
1.42,4.466473529136984
1.44,4.4945029746794525
1.46,4.492865200427731
1.48,4.468211597561447
1.5,4.426507865435196
1.52,4.496230354111695
1.54,4.530015561137111
1.56,4.666576300188234
1.58,4.790739656255756
1.6,4.866169297047755
1.62,5.083947878007746
1.64,5.210576210281649
1.66,5.3784513961833
1.68,5.425312448162765
1.7,5.428999573784404
1.72,5.756000854556116
1.74,5.978648747652443
1.76,6.232074150259173
1.78,6.22610583344388
1.8,6.405140986556468
1.82,6.568196593200545
1.84,6.86413263884726
1.86,6.975718459433888
1.88,7.071267676926568
1.9,7.039157535299854
1.92,7.147025042674385
1.94,7.282371736766697
1.96,7.607486246899678
1.98,7.677102021338743
2,7.71739099700286
