0,0
.02,.02434030090657791
.04,.024090357534260136
.06,.06121180748422532
.08,.07254873620854681
.1,.08778079300420537
.12,.08594219374155673
.14,.13075472167447114
.16,.136464926532474
.18,.155968253803632
.2,.20913393768551908
.22,.23406453336776192
.24,.25005926864741546
.26,.24520305565752692
.28,.2868444370734621
.3,.3553852589665304
.32,.3655573947852264
.34,.4063500255157045
.36,.4195361480507679
.38,.4338070770713127
.4,.48946370459757405
.42,.5071719757812861
.44,.508726382843206
.46,.5364562704224827
.48,.5429740915538898
.5,.5831543592804393
.52,.6266888377001479
.54,.6593151567260624
.56,.6895979926194323
.58,.7008966779612347
.6,.7252232498689808
.62,.7259708734710532
.64,.734318221326237
.66,.7482340764417815
.68,.7669045978776289
.7,.7940660146397257
.72,.8202594436841141
.74,.8495452926308781
.76,.8539281338332741
.78,.8631855826875687
.8,.8921421454526705
.82,.9487614070572908
.84,.9708583395893805
.86,.9789975081559265
.88,1.0111272396398154
.9,1.0574717562511227
.92,1.0963456114836148
.94,1.1153137916739035
.96,1.1150711601094274
.98,1.1488162166250735
1,1.1662636680133391
1.02,1.2229561904562423
1.04,1.2519070379825983
1.06,1.2446696893351856
1.08,1.2699616714144373
1.1,1.2581974621358663
1.12,1.306007775434888
1.14,1.2925202134476703
1.16,1.2990989051018917
1.18,1.324183489562557
1.2,1.3452821426379993
1.22,1.3531615349896213
1.24,1.3533124249569812
1.26,1.3522765700369124
1.28,1.346942706169099
1.3,1.3582450113379525
1.32,1.3852283413348963
1.34,1.3924815212994017
1.36,1.3865692809567813
1.38,1.3531312726257094
1.4,1.3406920884492777
1.42,1.37455852422694
1.44,1.3981547273329071
1.46,1.4063247221422728
1.48,1.4275770917233217
1.5,1.4458680083105206
1.52,1.4725113750654222
1.54,1.4824372569798572
1.56,1.467293254069388
1.58,1.482035000154112
1.6,1.4625055672449194
1.62,1.504007887433172
1.64,1.514688513082084
1.66,1.5327032539060554
1.68,1.556829333101362
1.7,1.586322763646438
1.72,1.615604998319568
1.74,1.630900746439391
1.76,1.6562624035917441
1.78,1.652038022286474
1.8,1.6690577466723513
1.82,1.6676631298474978
1.84,1.7071606188092114
1.86,1.716690549325569
1.88,1.705956842870521
1.9,1.738252647542821
1.92,1.7417168902071092
1.94,1.7168727834486741
1.96,1.755041792211134
1.98,1.7591462407161302
2,1.7361726644870386
