0,1
.02,1.033865793208999
.04,1.0094901976429096
.06,1.019532573724284
.08,1.0090155063095183
.1,1.0123891448683797
.12,1.001748343034836
.14,.9948942892692108
.16,1.0297754927581604
.18,.9969601119275867
.2,.9774520225346398
.22,.9963748602770071
.24,1.0065397108760077
.26,1.019009091739355
.28,1.0530678094719679
.3,1.0607893841754825
.32,1.0798773693645336
.34,1.09058275769204
.36,1.1074089196124066
.38,1.078613854312845
.4,1.1331099769897113
.42,1.1262014093025656
.44,1.1073371739913933
.46,1.1364384598187953
.48,1.1355143436415132
.5,1.1339842970533474
.52,1.1540344086678833
.54,1.1604058317923567
.56,1.178459753730627
.58,1.2077012657734583
.6,1.246870750941334
.62,1.2904757712718449
.64,1.3055285348227983
.66,1.3174474978257613
.68,1.3120387048924524
.7,1.3010888975892532
.72,1.3129421247079467
.74,1.3344869620340487
.76,1.3198735463794968
.78,1.3061638473725232
.8,1.3079868816261067
.82,1.3371272910970204
.84,1.3467942057526436
.86,1.3439164851309449
.88,1.4004824621850624
.9,1.416453343034411
.92,1.408573783252698
.94,1.361883645161363
.96,1.4171797748360198
.98,1.430652034570316
1,1.4443260800108733
1.02,1.480405213114452
1.04,1.4913150527658166
1.06,1.46912011715893
1.08,1.483566991067925
1.1,1.5083977762454421
1.12,1.5539984452726716
1.14,1.5528514648566478
1.16,1.6306780368756637
1.18,1.654062529250589
1.2,1.6809365652189228
1.22,1.7122867377776676
1.24,1.7458285826069389
1.26,1.7558348015551895
1.28,1.7365053014288783
1.3,1.7932858881915772
1.32,1.8302653542895861
1.34,1.877413341022796
1.36,1.9429003108790688
1.38,2.0013512891131593
1.4,2.0654084214442547
1.42,2.098574798755757
1.44,2.1514365111769345
1.46,2.1739406102201375
1.48,2.230188909887713
1.5,2.2355162333510377
1.52,2.2446197711482583
1.54,2.2560583703437627
1.56,2.2218373841283703
1.58,2.2373831722986735
1.6,2.230795685161048
1.62,2.2451516872402224
1.64,2.2730156746176684
1.66,2.274795825493483
1.68,2.3021514703007635
1.7,2.3560017237267044
1.72,2.295746738372897
1.74,2.3771649746241845
1.76,2.413797255333535
1.78,2.359968125041539
1.8,2.398282557918349
1.82,2.4718538922358193
1.84,2.577430481191867
1.86,2.5331559768076075
1.88,2.6305942394373867
1.9,2.682943254206508
1.92,2.70373543224476
1.94,2.754892533182762
1.96,2.8024328432147834
1.98,2.833661065290646
2,2.864858253372394
