0,2
.02,1.9785701204626038
.04,2.014154060825288
.06,2.0372385777412347
.08,2.0871597122389565
.1,2.034072661633028
.12,2.0840645124538186
.14,2.0695867117565703
.16,2.0745211921951157
.18,2.0591965746069207
.2,2.063379853039801
.22,2.1126831252781866
.24,2.1874106900469434
.26,2.1403752634380004
.28,2.1403000958231435
.3,2.1746623564695904
.32,2.173394376264274
.34,2.195688939917237
.36,2.186293708293616
.38,2.2135478351621414
.4,2.243801924832907
.42,2.232300740133159
.44,2.2324930651993293
.46,2.287133241213362
.48,2.2741296318306254
.5,2.298994749770273
.52,2.305568866365223
.54,2.328687685685277
.56,2.311988905168657
.58,2.36439739545807
.6,2.33984064145356
.62,2.360462337601037
.64,2.361525371451169
.66,2.447352198143859
.68,2.404300943949001
.7,2.419867673372166
.72,2.4246240359282427
.74,2.4407400641420653
.76,2.4233088809146532
.78,2.4360346900279195
.8,2.4460258937476445
.82,2.5335940586752432
.84,2.534434762303227
.86,2.5073309854927928
.88,2.516776279144471
.9,2.5898375517672836
.92,2.545965688998503
.94,2.632709506651689
.96,2.5861748679284444
.98,2.6856688458761715
1,2.606158133299273
1.02,2.65377563783609
1.04,2.7119769833674
1.06,2.752079488768456
1.08,2.7050519871532277
1.1,2.7703161795969122
1.12,2.7598465799329093
1.14,2.803879831992676
1.16,2.805399550760688
1.18,2.7743296590851
1.2,2.909660648343003
1.22,2.858006318977968
1.24,2.856817413779087
1.26,2.906326745805515
1.28,2.9164430852749863
1.3,2.838755389749813
1.32,2.8900464825574588
1.34,3.0373165340992556
1.36,3.0362801132253483
1.38,2.9582967698442024
1.4,3.063702640345353
1.42,2.977314909972252
1.44,3.0494480204136383
1.46,3.0460709454651913
1.48,3.0752047667639335
1.5,3.1569020209461547
1.52,3.1167904599934664
1.54,3.161820311748136
1.56,3.098481562198038
1.58,3.329745014484239
1.6,3.2083393133405664
1.62,3.3072933960152353
1.64,3.280179860189812
1.66,3.305224584583513
1.68,3.3742002273843252
1.7,3.4512987602395224
1.72,3.4345808477356905
1.74,3.3825389033810174
1.76,3.426793586993384
1.78,3.4848442260878216
1.8,3.4434132759064386
1.82,3.586590566424375
1.84,3.4657578498800277
1.86,3.519335569565064
1.88,3.5218632108533448
1.9,3.52538052181098
1.92,3.594013205166279
1.94,3.6860712002324587
1.96,3.7108164741293623
1.98,3.611193364825441
2,3.691804411697099
