0,2
.02,2.023333754301773
.04,1.9952292583450544
.06,2.0149867248723616
.08,2.0397102382995405
.1,2.0264686495079083
.12,2.0335702498433115
.14,2.0828113181082326
.16,2.0599734305870214
.18,2.0837972273258263
.2,2.089669571817155
.22,2.0959117285323776
.24,2.1015049668136534
.26,2.126424840379144
.28,2.1719511142618977
.3,2.2286288654975666
.32,2.1864206513214715
.34,2.2288272157511706
.36,2.198409699752242
.38,2.182237154569873
.4,2.2243376023479504
.42,2.2398602918154387
.44,2.2549984826853287
.46,2.245003165376085
.48,2.2453141337165805
.5,2.284714496939238
.52,2.296614007794403
.54,2.2962239978230583
.56,2.3100214806803585
.58,2.349118042170658
.6,2.3762929608332497
.62,2.368038540045408
.64,2.393348466580383
.66,2.406303727442588
.68,2.417726083093988
.7,2.419016535334335
.72,2.4447512532765225
.74,2.4183870241696144
.76,2.426716875153331
.78,2.4827089593814735
.8,2.5328106345845613
.82,2.502734769749849
.84,2.6022442586527283
.86,2.5672296634464393
.88,2.4890352837064684
.9,2.526770494346911
.92,2.573363820480343
.94,2.641323684215745
.96,2.6628268157857597
.98,2.6300712690117614
1,2.666412815508381
1.02,2.682534034921135
1.04,2.68644700169769
1.06,2.7043492842586616
1.08,2.752816956219593
1.1,2.7293766855101147
1.12,2.8166232307854626
1.14,2.7762412470058138
1.16,2.803253399457664
1.18,2.78501019060344
1.2,2.8626164141275297
1.22,2.8158017633711516
1.24,2.837593285522205
1.26,2.9112024393136773
1.28,2.9182122628556324
1.3,2.8973209357211926
1.32,2.936957216216901
1.34,2.946628625370108
1.36,2.9878983650252886
1.38,2.9699232709933368
1.4,3.03440795107533
1.42,2.9340257147351196
1.44,3.0738033862350567
1.46,3.1024233766209517
1.48,3.0324411419630546
1.5,3.1572481003165738
1.52,3.1460917788223313
1.54,3.1168243755965097
1.56,3.2023266900174057
1.58,3.248121511687922
1.6,3.312996698305878
1.62,3.2197009065280464
1.64,3.2940657723997813
1.66,3.2365947539313926
1.68,3.3304089818349696
1.7,3.3291103644534155
1.72,3.3081192619540922
1.74,3.344746509515795
1.76,3.440429603375424
1.78,3.4357489279995104
1.8,3.4176937919648207
1.82,3.398993452759649
1.84,3.5163498334177907
1.86,3.5614779627980386
1.88,3.5518339463559734
1.9,3.6267663150377896
1.92,3.6838111078483133
1.94,3.669665520771129
1.96,3.711278720458319
1.98,3.700539819073947
2,3.681037062662597
